6 0.07301890587288817 0.717920353982301 0.13226065969428802 0.20575221238938063
6 0.30447506033789223 0.8418141592920355 0.17359211584875303 0.2544247787610621
6 0.15223753016894612 0.44800884955752207 0.11710579243765086 0.2146017699115044
6 0.6241049879324215 0.6172566371681417 0.09919549477071599 0.1681415929203539
9 0.7529213596138375 0.6471238938053098 0.05097546259050688 0.12168141592920356
9 0.4195142799678198 0.631637168141593 0.06199718423169756 0.12168141592920356
9 0.44637972646822205 0.5353982300884956 0.046842316975060354 0.10619469026548664
9 0.5572858004827032 0.543141592920354 0.042709171359613975 0.10840707964601769
9 0.6847254057847602 0.6117256974754547 0.03857602574416731 0.11725663716814161
6 0.563485518905873 0.3849557522123894 0.0881737731295253 0.11946902654867259
6 0.30447506033789223 0.41482300884955764 0.08817377312952533 0.13053097345132747
6 0.39609312148028963 0.36283185840707965 0.07577433628318588 0.11504424778761059
