3 0.23002743009215154 0.22449133669488275 0.13223140495867772 0.3361161931599128
9 0.31267217630853994 0.418322598682477 0.05509641873278238 0.16928479801484664
9 0.4862258953168044 0.706580026496751 0.07988980716253437 0.23552667549891695
9 0.6170798898071626 0.15701778366594468 0.06611570247933883 0.20117903532199166
9 0.34779614325068875 0.1484308736217133 0.056473829201101965 0.18400521523352892
6 0.5089531680440771 0.14475076931704275 0.09779614325068878 0.12757694922858004
6 0.5743801652892562 0.36433032616238725 0.12121212121212124 0.20363243819177204
6 0.6053719008264463 0.6268444332288885 0.15840220385674939 0.22325966115001505
6 0.7699724517906336 0.4906805739560771 0.14325068870523425 0.19627222958243087
6 0.8601928374655649 0.7163936379758726 0.1914600550964188 0.3091287615923285
6 0.6652892561983471 0.8832250331209387 0.19283746556473821 0.2257130640197954
