3 0.7692200741525422 0.6641949152542372 0.36615466101694905 0.5826271186440678
6 0.30192995233050846 0.7097457627118644 0.19931806144067798 0.2161016949152544
6 0.18455376059322035 0.3697033898305085 0.15650158898305083 0.2266949152542373
6 0.0627482786016949 0.3633474576271186 0.09301509533898304 0.18855932203389833
6 0.4510493908898304 0.14936440677966104 0.15502515889830498 0.15466101694915257
6 0.8445180084745761 0.3082627118644068 0.13287870762711862 0.13771186440677965
6 0.6725139036016949 0.27648305084745767 0.13140227754237288 0.13771186440677968
6 0.6045981197033898 0.34639830508474573 0.14026085805084748 0.1504237288135593
9 0.12844941737288135 0.614406779661017 0.0797272245762712 0.17372881355932193
9 0.04650754766949152 0.5561440677966102 0.06643935381355932 0.14194915254237286
9 0.5315148305084745 0.6557203389830509 0.08563294491525425 0.18432203389830512
9 0.44514367055084747 0.4046610169491525 0.09892081567796616 0.22457627118644066
9 0.4126622086864407 0.8485169491525423 0.08415651483050844 0.1716101694915254
9 0.5713784427966101 0.1811440677966102 0.04429290254237294 0.1461864406779661
9 0.3395789194915254 0.5625 0.08268008474576273 0.11652542372881357
9 0.20743842690677966 0.8951271186440678 0.10777939618644064 0.19279661016949148
