6 0.6403303760593221 0.6620762711864409 0.14418034957627113 0.2309322033898306
6 0.7067664194915255 0.4872881355932204 0.10742849576271184 0.15677966101694912
6 0.554104872881356 0.3601694915254238 0.05371424788135592 0.08898305084745765
6 0.63467624470339 0.3601694915254238 0.062195444915254396 0.09745762711864404
9 0.31168399099576277 0.7404661016949154 0.07774430614406783 0.16313559322033896
9 0.7951122219279663 0.5953389830508475 0.05795484639830505 0.16101694915254242
9 0.2735186043432204 0.5572033898305085 0.05512778072033903 0.14406779661016955
9 0.17033070709745765 0.6197033898305085 0.06078191207627121 0.15466101694915252
9 0.057248079978813565 0.7722457627118646 0.0636089777542373 0.17584745762711876
9 0.14206005031779664 0.864406779661017 0.06078191207627121 0.20762711864406783
9 0.18941254002623245 0.7807204163789035 0.05654131355932202 0.18008474576271197
