8 0.31055198498464337 0.13877118644067796 0.19334641489402038 0.2648305084745763
8 0.5150388537077848 0.22775423728813557 0.21901186819853638 0.16313559322033896
8 0.36360642674541915 0.5783898305084746 0.2378332006218481 0.18220338983050852
8 0.4756664012436962 0.40889830508474573 0.23612217040154704 0.1822033898305085
8 0.6219594850794372 0.628177966101695 0.20361259621582684 0.18432203389830504
8 0.6767424639645339 0.842160970511641 0.27205380502786936 0.20127118644067793
8 0.26777622947711677 0.7478813559322035 0.23441114018124595 0.19915254237288124
8 0.25751004815531037 0.3866525423728814 0.22756701930004175 0.20550847457627117
8 0.4628661874131893 0.790254159892283 0.23098907974064378 0.22033898305084748
8 0.7177809288957298 0.4300849160335875 0.24125526106245013 0.19491525423728814
