6 0.13364630225742422 0.7670329667381466 0.10471572720295033 0.14065934065934071
6 0.39888425033229113 0.6879120879120879 0.07853679540221271 0.12307692307692307
6 0.3010577157084823 0.668131868131868 0.08404814946552598 0.1362637362637362
6 0.5538910833629742 0.7098901098901098 0.09093734204466741 0.15824175824175823
6 0.6627403261134094 0.7109890109890109 0.09920437313963724 0.14285714285714285
6 0.6530954565026115 0.5692307692307692 0.0551135406331317 0.06593406593406591
6 0.5187562012093527 0.5956043956043956 0.0675140872755864 0.10989010989010986
6 0.5711140648108279 0.5505494505494505 0.06200273321227321 0.10329670329670336
9 0.3885504614635789 0.5758241758241758 0.03306812437987908 0.07032967032967029
9 0.529778909335979 0.48131868131868133 0.02066757773742445 0.052747252747252775
9 0.810169047307037 0.745054945054945 0.06613624875975802 0.14945054945054947
