3 0.07704893224308342 0.3219309014789129 0.15409786448616683 0.33495175636420815
3 0.29904140038899696 0.1440677966101695 0.17393224308339617 0.25
6 0.2593726431945382 0.5699152542372882 0.12816060016671302 0.16949152542372878
6 0.4821279720557298 0.5148305084745762 0.11900627158337634 0.16949152542372872
6 0.3158243361251142 0.4067796610169492 0.12816060016671302 0.16101694915254236
6 0.6842593868512443 0.30826247967684917 0.10529320853783394 0.13771183344843857
9 0.9474730083753424 0.8400423728813559 0.08544040011114191 0.25635593220338976
9 0.30056712181955303 0.7521186440677965 0.11290338586115194 0.24999999999999992
9 0.49585946493073474 0.7754237288135593 0.13121204302782516 0.29661016949152547
9 0.5896913329099354 0.47563559322033894 0.05034880720835155 0.17584745762711868
9 0.827703876076688 0.611228813559322 0.1663036359306156 0.4470338983050847
