7 0.19214876033057848 0.2666331108910141 0.1721763085399449 0.14461456861885513
7 0.5337465564738292 0.4541801295685919 0.13085399449035812 0.16269138969621202
7 0.7975205824122148 0.7558370812969849 0.1101928374655648 0.13783576071484632
7 0.8202479338842974 0.22483046214962635 0.14462809917355388 0.16043178706154243
7 0.1887052341597796 0.4846847651366316 0.14876033057851237 0.16043178706154243
8 0.3684573002754821 0.2316092700536351 0.16391184573002754 0.1965854292162561
8 0.5365013774104683 0.22934966741896554 0.15013774104683186 0.1694701976002208
8 0.3650137741046832 0.4711271493286139 0.14325068870523414 0.14687417125352467
8 0.6742424242424242 0.4338437058565653 0.1336088154269973 0.18528741604290808
8 0.7982093663911846 0.5762101065476373 0.12258953168044087 0.13557615808017665
