7 0.5689873357273839 0.36919315403422986 0.08541698502444987 0.15647921760391198
7 0.1005710446755624 0.49999983434801143 0.09368314486552567 0.15892420537897314
7 0.22663054897616136 0.6723716381418092 0.09506083817237165 0.18581907090464556
7 0.3575114131265281 0.8667481662591686 0.09781622478606355 0.17848410757946212
7 0.8259271374541564 0.6393643031784841 0.12261470430929094 0.21271393643031794
7 0.4229518452017115 0.34963325183374083 0.07439543856968214 0.14669926650366746
7 0.2755386613691932 0.4926650366748166 0.24798479523227385 0.158924205378973
7 0.5751869556081907 0.6577017114914426 0.24660710192542779 0.16625916870415644
8 0.8596806234718827 0.343520782396088 0.09919391809290942 0.1589242053789731
8 0.1122820045079462 0.2212713936430318 0.07577313187652811 0.14914425427872857
7 0.7150253765119252 0.2371638970069233 0.13225855745721277 0.14180929095354525
7 0.8149055909993888 0.8594132029339854 0.359577953086797 0.15892420537897323
